# Created by Octave 3.0.1, Fri Aug 13 15:02:22 2010 CEST <marcela@ideas00-desktop>
# name: filters_5
# type: matrix
# rows: 495
# columns: 1
 -0.0001913105052514585
 -0.0003674539297528271
 -0.0005133818893697125
 -0.0006110732395936699
 -0.0006393965717917683
 -0.0005765571662421512
 -0.0004051864953285677
 -0.0001192610817610986
 0.0002687466299466033
 0.0007225694519361191
 0.001180810233128348
 0.001561177081958226
 0.001770899223291382
 0.00172260086858089
 0.00135349097301889
 0.000644520507877304
 -0.0003645411212356538
 -0.001568127836132295
 -0.002799148599657862
 -0.00384601255302258
 -0.004481693551699144
 -0.004501684450659077
 -0.00376547344145215
 -0.00223462084344262
 2.456965909359566e-18
 0.002708482718660794
 0.005534333421739101
 0.008030601740866313
 0.009717426042782338
 0.01015483902922056
 0.009021354361951119
 0.006186700672468428
 0.001766559934758757
 -0.003851455605151392
 -0.01001813807162178
 -0.01587217713605777
 -0.02042608516495829
 -0.02268018426298295
 -0.02175143752069824
 -0.01700065173220268
 -0.008140513466997422
 0.004691662272410438
 0.02090876295665857
 0.03950278229269053
 0.05912727850939971
 0.07822561360054085
 0.09519074086763853
 0.1085375993768652
 0.117066937571317
 0.12
 0.117066937571317
 0.1085375993768652
 0.09519074086763853
 0.07822561360054085
 0.05912727850939972
 0.03950278229269054
 0.02090876295665857
 0.00469166227241044
 -0.008140513466997422
 -0.01700065173220268
 -0.02175143752069824
 -0.02268018426298295
 -0.02042608516495829
 -0.01587217713605777
 -0.01001813807162178
 -0.003851455605151393
 0.001766559934758757
 0.00618670067246843
 0.009021354361951119
 0.01015483902922056
 0.00971742604278234
 0.008030601740866309
 0.0055343334217391
 0.002708482718660794
 2.456965909359567e-18
 -0.002234620843442621
 -0.003765473441452154
 -0.004501684450659078
 -0.004481693551699147
 -0.00384601255302258
 -0.002799148599657862
 -0.001568127836132295
 -0.0003645411212356542
 0.000644520507877304
 0.001353490973018891
 0.001722600868580891
 0.001770899223291385
 0.001561177081958229
 0.00118081023312835
 0.0007225694519361186
 0.0002687466299466033
 -0.0001192610817610986
 -0.000405186495328568
 -0.0005765571662421516
 -0.0006393965717917683
 -0.0006110732395936699
 -0.0005133818893697128
 -0.0003674539297528271
 -0.0001913105052514585
 0.0005587865526625207
 0.0003674539297528263
 0.0001121827714583716
 -1.208197553820218e-06
 0.0001640077341834283
 0.0005765571662421549
 0.0009999097613758337
 0.001070813023488584
 0.0004953880384257519
 -0.0007225694519361205
 -0.002169713830795192
 -0.003150505540410782
 -0.003045694196613491
 -0.001722600868580888
 0.0002747612527110196
 0.001947143010189501
 0.002421214291762494
 0.001568127836132292
 0.0002303453053284211
 -0.0001979243604268404
 0.001306391917646517
 0.004501684450659082
 0.007655040400056798
 0.008304905553185164
 0.004728967939315223
 -0.0027084827186608
 -0.01125105424046205
 -0.01690589091240432
 -0.01660226955929943
 -0.01015483902922056
 -0.0007423781021248866
 0.006655340821048426
 0.008200042487570738
 0.003851455605151384
 -0.002033701163334151
 -0.002926415989498979
 0.005722215881791466
 0.02268018426298296
 0.03996780643008419
 0.04592388800922209
 0.03128665881483189
 -0.004691662272410448
 -0.05159815645312371
 -0.09077092422673566
 -0.1030881776470982
 -0.07822561360054084
 -0.02080081387525737
 0.0500162801689668
 0.1077994148784903
 0.13
 0.1077994148784903
 0.05001628016896677
 -0.02080081387525737
 -0.07822561360054084
 -0.1030881776470982
 -0.09077092422673567
 -0.05159815645312371
 -0.004691662272410448
 0.03128665881483189
 0.0459238880092221
 0.03996780643008419
 0.02268018426298296
 0.005722215881791466
 -0.002926415989498979
 -0.002033701163334151
 0.003851455605151385
 0.008200042487570738
 0.006655340821048428
 -0.0007423781021248866
 -0.01015483902922056
 -0.01660226955929943
 -0.01690589091240431
 -0.01125105424046204
 -0.0027084827186608
 0.004728967939315225
 0.008304905553185171
 0.007655040400056805
 0.004501684450659083
 0.001306391917646518
 -0.0001979243604268404
 0.0002303453053284211
 0.001568127836132292
 0.002421214291762497
 0.001947143010189501
 0.0002747612527110197
 -0.001722600868580889
 -0.003045694196613495
 -0.003150505540410788
 -0.002169713830795195
 -0.0007225694519361201
 0.0004953880384257519
 0.001070813023488585
 0.0009999097613758341
 0.0005765571662421552
 0.0001640077341834283
 -1.208197553820218e-06
 0.0001121827714583716
 0.0003674539297528263
 0.0005587865526625207
 -0.000886140168773322
 -6.727687372127988e-05
 0.0009585304701388017
 0.0007645496386648364
 -0.000164007734183429
 -0.0002754590539617813
 0.0001662957400885901
 -0.0004931382977016466
 -0.001676557313037662
 -0.0007225694519361237
 0.00206648245577413
 0.002677298655056358
 4.067131214643537e-05
 -0.001572003887552917
 -0.0002747612527110312
 -0.0004034496362582061
 -0.003457889907078451
 -0.002945248918969171
 0.003906139590373906
 0.007889949466472007
 0.00205854610844185
 -0.004887063478743703
 -0.003200149154876676
 -1.197832025003129e-05
 -0.004728967939315236
 -0.007342998794826246
 0.004703443723016652
 0.01759337257127017
 0.009306247189661356
 -0.01015483902922056
 -0.01258906706000421
 -0.001222214941291691
 -0.003176330481772929
 -0.01307609070209166
 0.002033701163334107
 0.03328315807435213
 0.02893862339888242
 -0.01580561540184605
 -0.03806620468159883
 -0.01192258454481678
 0.004491741043399882
 -0.0180337287493543
 -0.008581327981809756
 0.07014120375049007
 0.1030881776470982
 -0.01949238278453399
 -0.1777297319715335
 -0.1386818091281876
 0.09251517469732543
 0.23
 0.09251517469732529
 -0.1386818091281877
 -0.1777297319715335
 -0.01949238278453399
 0.1030881776470982
 0.07014120375049007
 -0.008581327981809756
 -0.0180337287493543
 0.004491741043399882
 -0.01192258454481678
 -0.03806620468159883
 -0.01580561540184605
 0.02893862339888242
 0.03328315807435214
 0.002033701163334107
 -0.01307609070209166
 -0.00317633048177293
 -0.001222214941291691
 -0.01258906706000421
 -0.01015483902922056
 0.009306247189661358
 0.01759337257127017
 0.004703443723016651
 -0.007342998794826246
 -0.004728967939315238
 -1.19783202500313e-05
 -0.003200149154876679
 -0.004887063478743704
 0.002058546108441851
 0.007889949466472007
 0.003906139590373906
 -0.002945248918969172
 -0.003457889907078454
 -0.0004034496362582061
 -0.0002747612527110313
 -0.001572003887552919
 4.067131214643542e-05
 0.002677298655056363
 0.002066482455774133
 -0.0007225694519361231
 -0.001676557313037662
 -0.0004931382977016468
 0.0001662957400885902
 -0.0002754590539617814
 -0.000164007734183429
 0.0007645496386648364
 0.0009585304701388022
 -6.727687372127988e-05
 -0.000886140168773322
 0.000477889744494968
 -0.000248236841748472
 -5.626907118837486e-06
 -0.000697814956655191
 0.0008966751567584404
 0.0005066892946720276
 -0.001478145410236858
 0.0004814231142890627
 0.0002105968635532757
 0.0007225694519361341
 -0.0001693122022371244
 -0.002657731384393435
 0.002771290924297111
 0.0009415463048547598
 -0.002234694727638252
 0.0001209752212899062
 -0.001426994193279122
 0.004858513861901954
 -0.00105230723262977
 -0.006705507767213244
 0.005593467279819043
 0.0008620520536643011
 0.0005946900538854527
 -0.003302454800555164
 -0.006178694371597012
 0.01434041344720235
 -0.003210948300141674
 -0.01010648451335902
 0.004982394765045409
 -0.0005225906032252638
 0.01321310673006205
 -0.01362876444328795
 -0.01415483921570455
 0.02780508508244049
 -0.00572834873141565
 -0.005950182261323457
 -0.009380395189700734
 -0.002873904759590341
 0.0455322565983442
 -0.03745246823754386
 -0.02506963831061343
 0.04003659115092931
 -0.002931452090384551
 0.0268071871298045
 -0.08291874568164252
 -0.004728455505081465
 0.1930403159410736
 -0.1764738886011885
 -0.1108511732894076
 0.295
 -0.1108511732894077
 -0.1764738886011884
 0.1930403159410736
 -0.004728455505081465
 -0.08291874568164254
 0.02680718712980451
 -0.002931452090384551
 0.04003659115092931
