# Created by Octave 3.2.3, Fri Nov 04 12:29:41 2011 CET <marcela@ideas00-desktop>
# name: filters_7_99
# type: matrix
# rows: 693
# columns: 1
 0.0003458979616008535
 0.0002368404250599236
 0.0001047244754016799
 -5.239598917533324e-05
 -0.0002349452367669198
 -0.0004398260543839735
 -0.0006586400459962297
 -0.0008764970006925511
 -0.001071737175068653
 -0.001216795987965084
 -0.001280305536106024
 -0.001230365292660991
 -0.001038743282874364
 -0.0006856091799815709
 -0.000164272478947216
 0.000514679667441645
 0.001320465459151171
 0.002200976848159538
 0.003083870663275869
 0.003880129054195017
 0.004490096792066064
 0.004811737166179763
 0.004750581683117635
 0.004230609466653368
 0.003205107281456756
 0.001666453856259579
 -0.0003462402714132808
 -0.002742615183997194
 -0.005380450779660374
 -0.008069462899918476
 -0.01057965207558231
 -0.01265395484575207
 -0.01402454510731775
 -0.01443176069385671
 -0.01364432444047964
 -0.01147932103225055
 -0.007820305029898467
 -0.002631965526170463
 0.004030039028240474
 0.01201514657407466
 0.02108050747281397
 0.03090030669262441
 0.04108142149621551
 0.05118452892265057
 0.06074931815191249
 0.06932210004514042
 0.07648387278037698
 0.08187682093047734
 0.08522730512737003
 0.08636363636363635
 0.08522730512737003
 0.08187682093047732
 0.07648387278037698
 0.06932210004514042
 0.06074931815191249
 0.05118452892265058
 0.04108142149621551
 0.03090030669262442
 0.02108050747281397
 0.01201514657407467
 0.004030039028240475
 -0.002631965526170463
 -0.007820305029898467
 -0.01147932103225055
 -0.01364432444047965
 -0.01443176069385672
 -0.01402454510731775
 -0.01265395484575207
 -0.01057965207558231
 -0.008069462899918476
 -0.005380450779660375
 -0.002742615183997193
 -0.0003462402714132808
 0.001666453856259579
 0.003205107281456758
 0.00423060946665337
 0.00475058168311764
 0.004811737166179763
 0.004490096792066067
 0.003880129054195017
 0.003083870663275869
 0.002200976848159539
 0.001320465459151172
 0.000514679667441645
 -0.0001642724789472161
 -0.0006856091799815714
 -0.001038743282874365
 -0.001230365292660994
 -0.001280305536106026
 -0.001216795987965083
 -0.001071737175068653
 -0.0008764970006925515
 -0.0006586400459962299
 -0.0004398260543839738
 -0.0002349452367669198
 -5.239598917533324e-05
 0.00010472447540168
 0.0002368404250599236
 0.0003458979616008535
 8.723614382238886e-05
 0.0002997246647985193
 0.0003852861610307914
 0.0003381277285097219
 0.0001869838081972461
 1.884015065377454e-18
 -0.0001206816104212668
 -6.111835509694717e-05
 0.0002652251913704529
 0.0008704597394874168
 0.001655113006150783
 0.002401288949600678
 0.002810600085878281
 0.002586801522002601
 0.001544226992592161
 -0.0002928980399087792
 -0.002640930918302337
 -0.004988427829797279
 -0.006716336728112773
 -0.007282105269180768
 -0.006413678551554562
 -0.004244608502183257
 -0.001329745172803722
 0.001486653972904838
 0.003329826796570264
 0.003609855713494702
 0.002289648481058611
 1.276928462375137e-17
 -0.002068307820171313
 -0.00249928589445124
 -0.0001389044791252943
 0.00540535160833081
 0.01342090549691844
 0.02204721924930796
 0.02860337498785735
 0.03024725560608466
 0.02481615506021905
 0.0116198840121327
 -0.008060078056480929
 -0.03095583831051648
 -0.05235327033656694
 -0.06710400367741134
 -0.07088193175840146
 -0.06136589315339291
 -0.03902309523857071
 -0.007252580928680688
 0.02819421534093864
 0.06040918143687117
 0.08286369994539325
 0.09090909090909093
 0.08286369994539322
 0.06040918143687118
 0.02819421534093864
 -0.007252580928680688
 -0.03902309523857072
 -0.06136589315339292
 -0.07088193175840146
 -0.06710400367741136
 -0.05235327033656694
 -0.03095583831051649
 -0.008060078056480929
 0.01161988401213271
 0.02481615506021905
 0.03024725560608466
 0.02860337498785736
 0.02204721924930797
 0.01342090549691844
 0.005405351608330812
 -0.0001389044791252943
 -0.00249928589445124
 -0.002068307820171313
 1.276928462375137e-17
 0.002289648481058611
 0.003609855713494702
 0.003329826796570265
 0.001486653972904839
 -0.001329745172803723
 -0.004244608502183258
 -0.006413678551554566
 -0.007282105269180768
 -0.006716336728112773
 -0.004988427829797281
 -0.00264093091830234
 -0.0002928980399087792
 0.001544226992592162
 0.002586801522002604
 0.002810600085878285
 0.002401288949600683
 0.001655113006150786
 0.0008704597394874161
 0.0002652251913704529
 -6.11183550969472e-05
 -0.0001206816104212668
 1.884015065377455e-18
 0.0001869838081972461
 0.0003381277285097219
 0.0003852861610307917
 0.0002997246647985193
 8.723614382238886e-05
 8.570794492800899e-05
 -0.0002997246647985183
 -0.0008102651263418887
 -0.0008957671633826434
 -0.0002313226419700477
 0.0008796521087679459
 0.001614905076241776
 0.001308026081312278
 0.0001466155898119553
 -0.0008704597394874159
 -0.0008822016212936704
 -0.0001648589495463629
 4.570959114954185e-06
 -0.001215583162039455
 -0.002887899955492198
 -0.0027618258458095
 0.0004216663265769835
 0.004988427829797281
 0.007170892067143211
 0.004541284901317283
 -0.001206054470092501
 -0.005378865830176268
 -0.004819209796016606
 -0.001364069210259785
 -0.0001180651822044306
 -0.003609855713494695
 -0.007899712848444349
 -0.005698286416597852
 0.005515154902192478
 0.0186382116942882
 0.02174589688644406
 0.00943845631077489
 -0.01030781231893247
 -0.02204721924930796
 -0.01738464679005591
 -0.003881286457526671
 0.002158374125621537
 -0.006355952959791765
 -0.01681172407685508
 -0.007368809390333525
 0.02847158539368308
 0.06710400367741134
 0.06874881939168488
 0.01310820148890059
 -0.07402703898523222
 -0.1313916191616001
 -0.1076822772908342
 -0.006508541375648005
 0.1088141236594797
 0.1590909090909091
 0.1088141236594797
 -0.006508541375648061
 -0.1076822772908342
 -0.1313916191616001
 -0.07402703898523222
 0.01310820148890059
 0.06874881939168488
 0.06710400367741136
 0.02847158539368308
 -0.007368809390333526
 -0.01681172407685508
 -0.006355952959791766
 0.002158374125621537
 -0.003881286457526672
 -0.01738464679005591
 -0.02204721924930796
 -0.01030781231893248
 0.009438456310774893
 0.02174589688644406
 0.0186382116942882
 0.00551515490219248
 -0.00569828641659785
 -0.007899712848444347
 -0.003609855713494695
 -0.0001180651822044307
 -0.001364069210259786
 -0.004819209796016611
 -0.005378865830176269
 -0.001206054470092502
 0.004541284901317283
 0.007170892067143211
 0.004988427829797282
 0.0004216663265769838
 -0.0027618258458095
 -0.002887899955492199
 -0.001215583162039456
 4.570959114954191e-06
 -0.0001648589495463632
 -0.0008822016212936718
 -0.0008704597394874154
 0.0001466155898119553
 0.001308026081312278
 0.001614905076241777
 0.0008796521087679464
 -0.0002313226419700477
 -0.0008957671633826434
 -0.0008102651263418892
 -0.0002997246647985183
 8.570794492800899e-05
 -0.0001212672381106351
 -0.0005766313784070887
 -0.0001240627590710017
 0.0009839237853825132
 0.0008174890207764605
 -0.0008796521087679557
 -0.001523009786627834
 0.0001666863153848092
 0.001560561317056368
 0.0005521815941204263
 -0.0006797932057529826
 -0.0001853395257378475
 -0.000219437558724355
 -0.001688844460397898
 -0.0005130827907503871
 0.003749488894954506
 0.003490358514860943
 -0.003637169508316327
 -0.006821083694718323
 0.0005406034191478958
 0.007240609503897758
 0.00287504530894638
 -0.003698490983746662
 -0.002150848162931645
 -0.000150764075219602
 -0.004138943038256847
 -0.001696209496327089
 0.01118351678459228
 0.01123571752309438
 -0.01107764245076192
 -0.02230727164186376
 0.001074829322771894
 0.02459307044065246
 0.01092400951669537
 -0.0142287723066719
 -0.01115342673521958
 0.001282906021913152
 -0.006569179153820448
 -0.004602901913657264
 0.03042570681987943
 0.03526480653385221
 -0.03516740474757037
 -0.0821330139234924
 0.001460434422542064
 0.1143125135576444
 0.06484746311182078
 -0.1021025317548559
 -0.131249788353852
 0.04107149337840557
 0.1590909090909091
 0.04107149337840546
 -0.131249788353852
 -0.1021025317548559
 0.06484746311182078
 0.1143125135576445
