# Created by Octave 2.1.73, Fri Jun 20 14:37:48 2008 CEST <marcela@ideas02>
# name: mix
# type: matrix
# rows: 245
# columns: 1
 0.000390592281555062
 0.000795189445333991
 0.00125252816092034
 0.00173991910129716
 0.00214376187527299
 0.00225973371371279
 0.00182935150884282
 0.000610084869995585
 -0.00153373371252103
 -0.00453981250957076
 -0.00808084513499249
 -0.011543791482837
 -0.0140702284340657
 -0.0146605505788618
 -0.0123308107417484
 -0.00629795593533759
 0.00383987520367413
 0.0179641635360896
 0.035369603283814
 0.0547907759626225
 0.0745258955278244
 0.0926434724844036
 0.107241375125194
 0.116716547652645
 0.12
 0.116716547652645
 0.107241375125194
 0.0926434724844036
 0.0745258955278244
 0.0547907759626225
 0.035369603283814
 0.0179641635360896
 0.00383987520367413
 -0.00629795593533759
 -0.0123308107417484
 -0.0146605505788618
 -0.0140702284340657
 -0.011543791482837
 -0.00808084513499249
 -0.00453981250957076
 -0.00153373371252103
 0.000610084869995586
 0.00182935150884282
 0.00225973371371279
 0.00214376187527299
 0.00173991910129715
 0.00125252816092035
 0.000795189445333991
 0.000390592281555062
 -0.000390592281555063
 -0.00161658485297481
 -0.00263680171629946
 -0.00297266022956409
 -0.00214376187527299
 -0.000185956205508249
 0.00196792416788939
 0.00283190043912722
 0.00153373371252102
 -0.00092159061055328
 -0.00148989733475093
 0.00323390735061167
 0.0140702284340657
 0.0269384516373609
 0.033309238991957
 0.0242051068865107
 -0.00383987520367414
 -0.0443315428371369
 -0.0812735557666997
 -0.095527502503929
 -0.0745258955278244
 -0.0202441919281326
 0.0494189543048827
 0.107476763334034
 0.13
 0.107476763334034
 0.0494189543048827
 -0.0202441919281326
 -0.0745258955278244
 -0.095527502503929
 -0.0812735557666997
 -0.0443315428371369
 -0.00383987520367414
 0.0242051068865107
 0.033309238991957
 0.0269384516373609
 0.0140702284340657
 0.00323390735061168
 -0.00148989733475093
 -0.000921590610553281
 0.00153373371252102
 0.00283190043912722
 0.00196792416788939
 -0.000185956205508249
 -0.00214376187527299
 -0.00297266022956408
 -0.00263680171629947
 -0.00161658485297481
 -0.000390592281555063
 -0.00105893924778128
 0.000675804748332268
 0.0027440278203489
 0.00166629693659583
 -0.00214376187527299
 -0.00315340004596937
 -0.000361397918753698
 -0.00109695183894233
 -0.00520718481369913
 0.00092159061055326
 0.0169451262858774
 0.0163546480698191
 -0.00980541501190219
 -0.0256567649172077
 -0.00864761750846022
 0.00347506177331021
 -0.0147596446277992
 -0.00737281203778532
 0.0628023244571067
 0.095527502503929
 -0.0185704811522054
 -0.17297375126495
 -0.137025583771356
 0.0922382700032197
 0.23
 0.0922382700032196
 -0.137025583771356
 -0.17297375126495
 -0.0185704811522054
 0.095527502503929
 0.0628023244571067
 -0.00737281203778532
 -0.0147596446277992
 0.00347506177331021
 -0.00864761750846022
 -0.0256567649172077
 -0.0098054150119022
 0.0163546480698191
 0.0169451262858774
 0.000921590610553261
 -0.00520718481369913
 -0.00109695183894233
 -0.000361397918753698
 -0.00315340004596938
 -0.00214376187527299
 0.00166629693659583
 0.0027440278203489
 0.000675804748332268
 -0.00105893924778128
 0.00206804155263549
 -0.00046135857802789
 -0.00157630235807485
 0.000892104944636483
 -0.000110322754338749
 0.0033097139900343
 -0.00402990254707841
 -0.00488840093834734
 0.0110725919606642
 -0.00259585454344358
 -0.00302935765941664
 -0.00530132549737331
 -0.0017828998211087
 0.0306889119486715
 -0.0271647996161064
 -0.0193952725507044
 0.0327678133407305
 -0.00251861312211727
 0.024002349174063
 -0.0768373334994997
 -0.00450482092450127
 0.187874629772393
 -0.174366326470601
 -0.110519387608503
 0.295
 -0.110519387608503
 -0.174366326470601
 0.187874629772393
 -0.00450482092450127
 -0.0768373334994997
 0.024002349174063
 -0.00251861312211727
 0.0327678133407305
 -0.0193952725507044
 -0.0271647996161064
 0.0306889119486715
 -0.0017828998211087
 -0.00530132549737331
 -0.00302935765941664
 -0.00259585454344359
 0.0110725919606642
 -0.00488840093834735
 -0.00402990254707841
 0.00330971399003431
 -0.000110322754338749
 0.000892104944636483
 -0.00157630235807485
 -0.00046135857802789
 0.00206804155263549
 -0.00100910230485421
 0.000606949237336445
 0.000216548093105051
 -0.00132566075296538
 0.00225408462961173
 -0.00223009145226945
 0.000594024789099885
 0.00254336746816686
 -0.0058654071469651
 0.0071356670530144
 -0.00434502615671734
 -0.0027434384402205
 0.0115883148330109
 -0.0173100480899629
 0.014833988874358
 -0.00198694017377894
 -0.0180081687129313
 0.0362588044609499
 -0.040900721148284
 0.0220465575368772
 0.0230753020767066
 -0.0873001590637148
 0.15473158081188
 -0.205912193381396
 0.225
 -0.205912193381397
 0.15473158081188
 -0.0873001590637148
 0.0230753020767066
 0.0220465575368772
 -0.040900721148284
 0.0362588044609499
 -0.0180081687129313
 -0.00198694017377894
 0.014833988874358
 -0.0173100480899629
 0.0115883148330109
 -0.0027434384402205
 -0.00434502615671734
 0.00713566705301441
 -0.0058654071469651
 0.00254336746816686
 0.000594024789099885
 -0.00223009145226945
 0.00225408462961174
 -0.00132566075296538
 0.000216548093105051
 0.000606949237336445
 -0.00100910230485421
