# Created by Octave 3.0.5, Mon Oct 31 23:17:27 2011 CET <marcela@ideas00>
# name: filters_5
# type: matrix
# rows: 995
# columns: 1
 -3.223822813002026e-05
 -6.480784472140076e-05
 -9.776016895165474e-05
 -0.0001311163056830535
 -0.0001648446072404396
 -0.0001988392386146472
 -0.0002329007767336915
 -0.0002667197418074471
 -0.0002998638980178949
 -0.0003317700729500039
 -0.0003617411318334057
 -0.0003889486063008835
 -0.0004124413210408017
 -0.0004311601891031116
 -0.0004439591619095456
 -0.0004496321278413627
 -0.0004469453585747042
 -0.0004346749102483207
 -0.0004116482023027216
 -0.0003767888255941034
 -0.0003291634781501207
 -0.0002680297963776635
 -0.0001928837459029122
 -0.0001035051632206068
 3.228863577401762e-19
 0.0001171621814565637
 0.0002471168789946681
 0.0003885808328349098
 0.000539836954495474
 0.0006987290911627473
 0.0008626675333811121
 0.001028645961719471
 0.001193270288425683
 0.00135279958767889
 0.001503199028259195
 0.001640204431220546
 0.001759397778879371
 0.001856292706841547
 0.001926428724780361
 0.001965472641162927
 0.001969325418877791
 0.001934232469219775
 0.001856895206964379
 0.001734581544737502
 0.001565232905242616
 0.001347565278970743
 0.001081161855643299
 0.0007665548116225234
 0.0004052939435447274
 2.181467724591298e-18
 -0.0004455992234710619
 -0.0009266516983094101
 -0.001437184250503257
 -0.001970126938950779
 -0.002517359360289331
 -0.003069779107346554
 -0.003617392180519235
 -0.004149424712491147
 -0.004654454925491113
 -0.005120563805761238
 -0.005535502561123768
 -0.005886874533461458
 -0.006162328877215106
 -0.006349762995814108
 -0.006437530457780105
 -0.006414650899725927
 -0.006271018270261326
 -0.005997603681431439
 -0.005586649116025382
 -0.005031848291839431
 -0.004328511108303345
 -0.00347370829589179
 -0.002466393152122541
 -0.001307497575958843
 -3.532756409373968e-18
 0.001451036739390629
 0.003038459067418744
 0.004753048821443538
 0.006583582285231828
 0.008516921936239159
 0.01053814015908677
 0.01263067360592859
 0.01477650632654839
 0.01695637925854781
 0.0191500231712645
 0.02133641170590003
 0.02349403075775807
 0.02560116011254876
 0.02763616298431663
 0.02957777891332987
 0.0314054153724521
 0.03309943340283194
 0.03464142265535725
 0.03601446135279831
 0.03720335690688851
 0.03819486322117323
 0.03897787107921734
 0.03954356845221053
 0.03988556805237861
 0.04
 0.03988556805237861
 0.03954356845221053
 0.03897787107921734
 0.03819486322117323
 0.03720335690688851
 0.03601446135279831
 0.03464142265535725
 0.03309943340283195
 0.0314054153724521
 0.02957777891332987
 0.02763616298431663
 0.02560116011254876
 0.02349403075775807
 0.02133641170590003
 0.0191500231712645
 0.01695637925854781
 0.01477650632654839
 0.01263067360592859
 0.01053814015908677
 0.008516921936239159
 0.006583582285231829
 0.004753048821443538
 0.003038459067418744
 0.001451036739390629
 -3.532756409373968e-18
 -0.001307497575958844
 -0.002466393152122541
 -0.00347370829589179
 -0.004328511108303346
 -0.005031848291839432
 -0.005586649116025383
 -0.00599760368143144
 -0.006271018270261329
 -0.006414650899725927
 -0.006437530457780104
 -0.006349762995814107
 -0.006162328877215107
 -0.005886874533461461
 -0.005535502561123769
 -0.00512056380576124
 -0.004654454925491115
 -0.004149424712491151
 -0.003617392180519235
 -0.003069779107346554
 -0.002517359360289331
 -0.001970126938950779
 -0.001437184250503257
 -0.0009266516983094098
 -0.0004455992234710617
 2.181467724591299e-18
 0.0004052939435447274
 0.0007665548116225237
 0.001081161855643299
 0.001347565278970744
 0.001565232905242617
 0.001734581544737503
 0.00185689520696438
 0.001934232469219776
 0.001969325418877791
 0.001965472641162927
 0.001926428724780361
 0.001856292706841547
 0.001759397778879372
 0.001640204431220548
 0.001503199028259196
 0.001352799587678892
 0.001193270288425683
 0.001028645961719472
 0.0008626675333811124
 0.0006987290911627476
 0.0005398369544954744
 0.0003885808328349102
 0.0002471168789946683
 0.0001171621814565638
 3.228863577401767e-19
 -0.0001035051632206069
 -0.0001928837459029127
 -0.0002680297963776633
 -0.0003291634781501206
 -0.0003767888255941033
 -0.0004116482023027216
 -0.0004346749102483207
 -0.0004469453585747042
 -0.0004496321278413629
 -0.0004439591619095459
 -0.000431160189103112
 -0.0004124413210408022
 -0.0003889486063008835
 -0.0003617411318334057
 -0.0003317700729500039
 -0.0002998638980178949
 -0.0002667197418074473
 -0.0002329007767336916
 -0.0001988392386146472
 -0.0001648446072404397
 -0.0001311163056830536
 -9.77601689516548e-05
 -6.480784472140076e-05
 -3.223822813002026e-05
 0.0002141203122021636
 0.0001951063571784846
 0.0001664928666014137
 0.0001311163056830543
 9.225870334123605e-05
 5.36050853383058e-05
 1.91656850709919e-05
 -6.85414473519791e-06
 -2.02484181178713e-05
 -1.70736258896995e-05
 6.025325270998033e-06
 5.144324273854246e-05
 0.0001202246432281994
 0.0002116927223395625
 0.0003231408042397431
 0.0004496321278413613
 0.0005839513338899574
 0.0007167433330325893
 0.0008368625269131716
 0.0009319383356471915
 0.0009891428861103985
 0.0009961252043665114
 0.0009420553095841361
 0.0008187033450812026
 0.0006214653723842557
 0.0003502405102503111
 1.006508919577115e-05
 -0.0003885808328349069
 -0.0008298608662675951
 -0.001293103557379421
 -0.001753764811391957
 -0.002184801994989052
 -0.00255839224462352
 -0.002847891477330028
 -0.003029899848421157
 -0.003086277057922221
 -0.003005939644756429
 -0.002786274166238386
 -0.002434015932733888
 -0.001965472641162929
 -0.001406014537509983
 -0.0007888051945801702
 -0.0001528061402182773
 0.0004598498825057483
 0.001006963116067243
 0.001449642820133912
 0.001755709934484223
 0.001902857876711825
 0.001881299066977718
 0.001695642036937181
 0.001365782659558938
 0.0009266516983094149
 0.0004267364207160129
 -7.461817132191261e-05
 -0.0005110287583331042
 -0.0008138202358457291
 -0.000917419600770824
 -0.0007650458233779698
 -0.000314293751482236
 0.0004578142619558568
 0.001550729883536371
 0.00293761758183035
 0.004564247352765095
 0.006349762995814099
 0.008189430010912392
 0.009959334318641955
 0.01152286344784444
 0.01273866517342985
 0.01346965470738355
 0.01359253992575552
 0.01300726312132184
 0.01164572401078994
 0.009479156488903599
 0.006523582483271206
 0.002842858853467486
 -0.001451036739390622
 -0.006200674802757857
 -0.01120881058302702
 -0.01624681046313287
 -0.02106550278284048
 -0.02540791559536812
 -0.02902321938544866
 -0.03168108646897416
 -0.03318561903877357
 -0.03338799011883363
 -0.03219698822772298
 -0.02958675596553714
 -0.02560116011254877
 -0.02035441794630221
 -0.01402782031121111
 -0.006862623337976437
 0.0008505868581706083
 0.008785533488395352
 0.01659617864682509
 0.02393407912243933
 0.03046620491761188
 0.03589221502432432
 0.03996020410368229
 0.04248001323131009
 0.04333333333333334
 0.04248001323131007
 0.0399602041036823
 0.03589221502432432
 0.03046620491761188
 0.02393407912243933
 0.01659617864682509
 0.008785533488395352
 0.0008505868581706084
 -0.006862623337976438
 -0.01402782031121111
 -0.02035441794630221
 -0.02560116011254877
 -0.02958675596553714
 -0.03219698822772299
 -0.03338799011883364
 -0.03318561903877357
 -0.03168108646897416
 -0.02902321938544867
 -0.02540791559536812
 -0.02106550278284048
 -0.01624681046313287
 -0.01120881058302702
 -0.006200674802757857
 -0.001451036739390622
 0.002842858853467486
 0.006523582483271208
 0.009479156488903599
 0.01164572401078994
 0.01300726312132185
 0.01359253992575552
 0.01346965470738356
 0.01273866517342985
 0.01152286344784445
 0.009959334318641953
 0.008189430010912392
 0.006349762995814098
 0.004564247352765095
 0.002937617581830351
 0.001550729883536371
 0.0004578142619558569
 -0.0003142937514822361
 -0.0007650458233779703
 -0.000917419600770824
 -0.0008138202358457291
 -0.0005110287583331043
 -7.461817132191263e-05
 0.000426736420716013
 0.0009266516983094145
 0.001365782659558938
 0.001695642036937182
 0.001881299066977718
